function [Fx, Fy, Fz, Mx, My, Mz] = McFoamy_FM(LAilDef,ElevDef,RudDef,wIn, u, v, w ,p, q, r)

rho = 1.225;

Vel = [u v w];
B_rate = [p q r];

%% AIRCRAFT GEOMETRY

%        x     y    z
CG = [-238.58, 0, 5.89]; %measured from propeller plane

PropGeom = [12, 254];

%         #segs  wing root   wing tip  wing span
WingGeom = [7,    260.41,    152.40,    431.80, 0, 0, 0];
TailGeom = [3,    152.73,    139.70,    181.61, 0, 0, 0];
RudGeom =  [4,    204.01,    128.55,    215.90, 0, 0, 0];
BodyGeom = [4,    641.71,    641.71,    146.27, 0, 0, 0];

% Wing Sections 
%            Span    Area     Chord FlapChord   x     y     z
WingSec1 = [57.26, 14499.66, 253.40,      0, -217.07,  33.38, 0];
WingSec2 = [58.72, 13977.71, 237.58, 102.04, -211.39,  91.76, 0];
WingSec3 = [59.29, 13198.25, 222.69,  99.23, -215.43, 151.14, 0];
WingSec4 = [62.58, 12974.40, 207.42,  96.36, -212.18, 212.01, 0];
WingSec5 = [62.58, 11992.21, 191.74,  93.41, -208.85, 274.55, 0];
WingSec6 = [63.25, 11122.51, 175.97,  90.44, -205.50, 337.42, 0];
WingSec7 = [61.90,  9914.07, 160.28,  87.49, -202.26, 400.21, 0];

% Tail Sections 
%            Span    Area     Chord FlapChord   x     y     z
TailSec1 = [66.55, 7241.76, 117.41,  81.87, -711.27,  39.53, 0];
TailSec2 = [51.09, 7452.58, 145.64, 111.49, -719.72,  93.33, 0];
TailSec3 = [62.02, 8892.67, 143.16, 143.16, -715.15, 151.57, 0];

% Rudder Sections
%            Span    Area     Chord FlapChord   x     y     z
RudSec1 = [46.30,  9291.95, 200.62, 120.36, -733.94, 0,   23.54];
RudSec2 = [62.19, 11997.38, 192.95, 112.69, -735.81, 0,  -29.96];
RudSec3 = [69.31, 11715.82, 169.49, 103.43, -744.14, 0,  -94.63];
RudSec4 = [38.10,  5298.95, 141.14, 141.14, -760.76, 0, -148.56];

% Body Sections
%            Span    Area    Chord  FlapChord   x     y     z
BodySec1 = [35.87, 23018.14, 641.71,   0,   -205.09,  0,  53.81];
BodySec2 = [35.87, 23018.14, 641.71,   0,   -205.09,  0,  17.94];
BodySec3 = [37.26, 23910.11, 641.71,   0,   -205.09,  0, -18.63];
BodySec4 = [37.26, 23910.11, 641.71,   0,   -205.09,  0, -55.89];

Geom = [WingGeom; TailGeom; RudGeom; BodyGeom;...
        WingSec1; WingSec2; WingSec3; WingSec4; WingSec5; WingSec6; WingSec7;...
        TailSec1; TailSec2; TailSec3; TailSec4;...
        RudSec1; RudSec2; RudSec3; RudSec4;...
        BodySec1; BodySec2; BodySec3; BodySec4]';


CtrlDef = [-LAilDef, LAilDef, ElevDef, RudDef];

%% THRUSTER MODEL

D = PropGeom(2)*1e-3;
% PROPELLER MAPS FOR YAK54 (ELECTRIFLY 10X4.7 PROP)
% from thruster model
[J_pre, psiT_pre] = ndgrid(0:0.1:1,[0:10:90]*pi/180);

CFx_pre = [0.156336454	0.156336454	0.156336454	0.156336454	0.156336454	0.156336454	0.156336454	0.156336454	0.156336454	0.156336454
0.142939755	0.143274298	0.144236696	0.145715204	0.147592844	0.149730239	0.151960378	0.154120349	0.156099101	0.157836404
0.12449467	0.125294853	0.127662714	0.131491476	0.136533063	0.142227959	0.148100411	0.153647038	0.158176177	0.161723393
0.103654093	0.104978752	0.10890636	0.115283154	0.123846679	0.133924798	0.144287776	0.153875413	0.161071479	0.163852071
0.080437634	0.082320505	0.087900516	0.096990697	0.109258684	0.124116893	0.139693524	0.153953862	0.163349211	0.165797264
0.054966543	0.057426888	0.064729471	0.076657686	0.092816061	0.112598271	0.133992265	0.153533548	0.165846339	0.168474477
0.027444178	0.03049664	0.039588216	0.054473185	0.074693054	0.099537509	0.127172755	0.152570626	0.168638349	0.171699702
-0.001874328	0.001785855	0.012726044	0.030695378	0.05514811	0.085260174	0.119365045	0.151139537	0.171659606	0.175259993
-0.032728784	-0.02842523	-0.015539759	0.005645211	0.034482474	0.070037437	0.11072865	0.149362748	0.174874022	0.179027738
-0.064814458	-0.059769732	-0.044818343	-0.020318541	0.013005062	0.054122603	0.101419857	0.147360112	0.17827724	0.182929631
-0.097502535	-0.091725529	-0.074619748	-0.046776089	-0.008957689	0.037754768	0.091641937	0.145232828	0.181871525	0.18696977]';

CFy_pre = [0	0	0	0	0	0	0	0	0	0
0	0.000304035	0.000593774	0.000855707	0.001081293	0.001265997	0.001410344	0.001515466	0.001581189	0.00160638
0	0.000672049	0.001308186	0.001875984	0.002343891	0.002685232	0.002915524	0.003073033	0.003203695	0.003296003
0	0.001105525	0.002139399	0.003046099	0.003777072	0.004271303	0.004529052	0.004674445	0.004870829	0.005159087
0	0.001600104	0.003086457	0.004372415	0.005383801	0.006042688	0.006286839	0.006333996	0.006596278	0.007149694
0	0.00214306	0.004124254	0.005829393	0.007152135	0.007991019	0.008217389	0.008079318	0.008340642	0.00921631
0	0.002695169	0.005206331	0.007370573	0.009046337	0.010092937	0.010327588	0.009939438	0.010095901	0.01134185
0	0.003243617	0.0062742	0.008920992	0.010988567	0.012301024	0.012588497	0.01193205	0.011869291	0.013520997
0	0.003737499	0.007197636	0.010310416	0.012837704	0.014518175	0.014938663	0.014050094	0.013673189	0.015752967
0	0.004001698	0.007738064	0.011301405	0.014405295	0.016623841	0.017317246	0.016267158	0.015518142	0.018038805
0	0.003755281	0.007554928	0.011576152	0.015455208	0.018472368	0.019651635	0.018549771	0.017413651	0.020375896]';

CMx_pre = [-0.009379255	-0.009379255	-0.009379255	-0.009379255	-0.009379255	-0.009379255	-0.009379255	-0.009379255	-0.009379255	-0.009379255
-0.009414602	-0.009414258	-0.009412543	-0.009408081	-0.009399845	-0.009386461	-0.009367587	-0.009343565	-0.009317827	-0.009292775
-0.00922517	-0.009234779	-0.009259831	-0.009292432	-0.0093192	-0.009327092	-0.009306845	-0.009256742	-0.009186392	-0.009135945
-0.008715215	-0.008749876	-0.008846651	-0.008982547	-0.009121875	-0.009224484	-0.009256742	-0.009206982	-0.009150015	-0.009359351
-0.007778011	-0.007856254	-0.008075885	-0.008395035	-0.008745071	-0.009041916	-0.009209727	-0.009213159	-0.00927596	-0.009773903
-0.006305113	-0.0064465	-0.006846983	-0.007438956	-0.008111231	-0.008720706	-0.009127023	-0.00925331	-0.009427299	-0.01020081
-0.004198032	-0.004423154	-0.005068319	-0.006031948	-0.007148975	-0.008203888	-0.008967104	-0.009300668	-0.009571088	-0.010605068
-0.001374064	-0.001706255	-0.002664393	-0.004110867	-0.005807856	-0.007449251	-0.00869943	-0.009331211	-0.009705269	-0.010994226
0.002229593	0.001762192	0.00040563	-0.001648602	-0.004067627	-0.006438264	-0.008307869	-0.009330867	-0.009834645	-0.011382011
0.006644511	0.00599214	0.004131457	0.001338374	-0.001941328	-0.005174359	-0.007785904	-0.009294491	-0.009963678	-0.011781807
0.011790387	0.01091461	0.008431755	0.004772847	0.000516475	-0.003684646	-0.007140396	-0.009222768	-0.010097172	-0.012199449]';

CMy_pre = [0	0	0	0	0	0	0	0	0	0
0	0.000624918	0.001228902	0.001786557	0.002280383	0.002695622	0.003025754	0.003265632	0.003407706	0.003447857
0	0.00118875	0.002355195	0.003475311	0.004508604	0.005373056	0.006031948	0.006465718	0.006690153	0.006735452
0	0.001686008	0.003352112	0.004976005	0.006530234	0.007916309	0.008970193	0.009615701	0.009827095	0.009570745
0	0.00210811	0.004209014	0.006291729	0.008331891	0.010270131	0.01181784	0.012740975	0.012792794	0.012191899
0	0.002447508	0.004910802	0.007398462	0.009900534	0.012377212	0.01452513	0.015837766	0.015769475	0.014745447
0	0.002695622	0.005441004	0.008275611	0.011210425	0.014212843	0.017039214	0.018875875	0.018797288	0.017259188
0	0.002844902	0.005784863	0.008902245	0.012237884	0.015771877	0.019318224	0.021818238	0.021878979	0.019738611
0	0.002886426	0.005919044	0.009246104	0.012952713	0.017029948	0.021326814	0.024630882	0.025002195	0.022188521
0	0.00279274	0.005797904	0.009258801	0.013314074	0.017960633	0.023040962	0.027285666	0.028151834	0.024615439
0	0.002507907	0.005340455	0.008857975	0.013262255	0.018530643	0.024451059	0.029763374	0.031305935	0.027038239]';


